500
-3442 -1328 5611 104
6388 -1055 -3415 3284
1363 -6509 -3994 3770
399 6689 -1770 1907
-9319 997 -560 3701
-3422 9654 -120 3195
-9784 4399 -2167 -515
-1103 -1259 2860 8566
-384 3441 -2234 -9957
5104 3326 7074 5133
-8074 -4732 3916 -887
-3226 7887 6448 5992
-5882 3027 5252 5505
-5916 3734 -6106 7653
-3281 4689 -8676 8658
1453 1402 5654 -6324
2011 5718 -580 7596
4479 -1873 6396 -4144
-6121 6242 -4535 -6214
8614 2826 -2436 5355
9955 7762 -8681 5119
-6320 4282 -5282 -9358
1946 -8842 8909 -6073
9340 7587 8972 -3515
-5065 2743 -1788 -7638
675 -1890 3076 7897
2305 -7877 5641 2749
-3551 -642 -2970 1563
7100 -9120 6190 8484
-5375 2879 6250 7504
892 7689 7946 7222
8534 9566 -1013 -9816
-2088 4844 2638 6818
-6600 -6718 -4389 -1863
-731 -8192 4005 5655
-9523 -1615 -6978 349
5574 -3042 1849 -7490
-866 7884 -7707 870
-6101 -6573 -8073 -9915
5132 -4090 -8317 8306
-5995 -6591 -2366 -5432
-9313 -2170 -7733 -9772
7047 -7818 -8054 2203
5218 7938 -1800 -6457
-6746 -1192 -8012 -6883
-8394 -772 972 -574
-7888 6175 -8934 -9083
9958 -7033 1716 -5983
-5293 6039 9222 -4995
-9588 -7300 -4945 7418
6030 4428 -479 4398
7407 4443 1205 4191
-9499 2552 5670 5711
5087 4786 4461 6237
-8547 -5411 6352 -768
-5016 5829 4776 8617
6265 -1482 8278 -3210
1964 6021 3657 4990
-8445 -2642 4733 9977
-3051 2171 -6410 9059
3353 964 6169 -1387
8477 -6207 -1441 -5835
2193 -3643 -7151 5384
-4871 -8291 8853 -2904
7876 1219 2604 1835
4722 5592 -2045 -4142
-5942 7581 -9468 4282
-6795 -5777 -8745 -3693
7492 5732 749 -6462
4376 7649 1000 6733
4127 4392 -1362 614
8902 -4860 -8644 3329
1226 -5644 -9064 -5388
-6997 -7784 4679 5790
-9744 -3213 -9557 -1321
3808 5928 -2059 4844
-462 -4939 -2648 1483
2660 6806 -3598 -3732
-3057 1551 8753 -7459
-9678 3133 8037 2001
3173 5275 -9908 3917
7016 9510 3964 -3304
792 -4997 321 6154
4635 1790 -451 5339
-8037 6083 -4917 3437
3174 9625 3668 2650
4438 -7089 2275 -8272
-1619 -6177 8156 -5165
-559 3421 -5219 9808
9211 -5591 9395 9203
-8775 6113 1978 4151
-7260 917 2474 -213
-1131 -1903 -2703 2470
-8134 9951 3737 -3897
9736 -9613 -874 8052
-9310 8467 -9032 4164
4959 8152 3711 -1107
-7257 -2328 8698 3149
-6242 -7603 -1309 -3300
890 4867 -8997 -1140
-8667 1794 6929 -6682
3862 1201 -2437 -8993
373 9813 -919 3890
4797 -4656 8200 5168
-9555 -1419 -6796 202
4183 6745 2144 -2431
614 -3822 -4568 -9310
-3106 -4460 -3852 -2086
-6234 -1297 7807 2351
2027 -1317 5591 984
-6220 -9784 -333 -9816
1735 -3425 -2819 2711
-6962 9010 3577 -240
8876 -9454 4752 -7730
6439 3650 2988 -4124
4318 -2380 -987 6775
-956 -1715 6282 -7924
-1486 -2674 6310 64
-9389 -8307 -2971 -138
-5290 2260 9355 5931
-6550 -3267 -5985 -9989
2511 400 -6935 -6662
7483 -2519 -4390 -4236
9507 -9095 -6328 9949
-1027 -2191 -6825 -9295
-9970 1466 843 -1998
4290 1931 1107 -628
-1847 -29 3147 2736
1019 5924 -4967 9509
6521 -9201 2669 2706
-567 -5576 -8308 8801
1988 1114 -3747 -2956
-7015 3622 -6612 738
8773 2495 -2840 -340
-1265 2581 2828 -3111
2274 -3573 -372 4330
2175 765 6017 1063
-2569 -1723 -2350 -8275
-9265 8750 -4764 5352
-5045 1079 -6297 -8860
-7739 -5559 -4961 -7725
-1206 -4211 3155 -5042
2873 -8083 578 2756
-7100 -6556 5298 877
-5258 8595 -810 -9558
-6361 -6549 -645 -8335
8881 -3650 8878 -8349
8510 -1225 3180 8395
6713 3211 6016 3851
2518 -8384 -8363 -7278
-4867 -1300 9376 -2732
5949 -5096 -3146 -5115
7318 9176 -9794 3454
-4241 6584 934 6161
4160 2180 1838 9647
7469 -9327 1381 -5575
-7748 534 -547 672
8816 -591 -2789 -442
8800 -40 -5173 5139
2873 -3312 -8260 -6168
4505 7431 2298 6100
4105 5829 7778 9120
5217 -7749 3418 -1719
-130 7759 7994 -4038
2519 -9456 -9615 153
-6593 4995 -403 9823
-8757 3533 -9498 -7712
-1982 -9034 416 454
-3713 -7145 8831 3271
-7561 7278 8859 6194
-9288 2330 -8829 7790
-2363 236 9524 2540
-3242 -3742 5733 2418
-878 -7814 -3902 2870
-6727 -3796 6553 3325
9306 -1178 3530 5914
-185 -571 8984 -5496
-8065 -1544 1380 5374
2345 -9700 2151 -3983
1266 -7418 8232 4674
7723 -9737 7864 -8254
406 8715 240 -10
1445 -9649 5665 -5885
-2043 -34 5774 -9667
-2753 -8152 9989 9077
-3172 9793 2021 -736
-5119 -4364 -747 7167
3999 -8554 6451 -7884
9240 570 -6869 -6055
657 6835 7636 193
-1589 -5675 9221 4719
4303 3977 -9371 -8488
-6870 -2293 2720 -8887
8034 -8894 -4844 681
1018 -2412 8250 7398
-7502 970 7683 -2370
7609 713 -3388 -2748
-4342 5106 -7124 3532
6043 3805 -886 7935
-4015 2961 -6105 -6873
-4207 -5873 1519 -4611
-9080 -5818 5632 4720
7840 -8496 -1306 -1405
3751 -7019 -634 4985
7744 3943 -566 6234
3192 9967 -79 -3667
278 -3894 -3524 -1711
-2577 -6520 -7497 -8711
-8317 -628 -7738 2062
7252 -9166 -894 9513
-1610 6909 8479 286
3403 5678 4083 -188
9729 -5085 -7607 -8257
7498 -6707 3331 -1647
-6633 -9673 -1467 -6120
-843 -513 -6979 6833
-4274 5770 6053 1774
-7584 6060 -7593 -3595
2084 -3455 9394 -4173
2411 -5677 -886 -7327
-7420 -234 9335 -5806
-6956 6562 194 -7069
2625 6217 3297 2622
-9950 -1788 6649 -7018
4001 -9747 393 -9961
7565 4461 8543 -6699
4519 -5502 2524 -9931
-6764 3365 -101 -4814
7510 -3934 -8297 3971
-6766 -176 2609 6279
-6633 -6024 -140 7443
-3066 -231 8381 -9523
9339 5543 7031 5014
3645 -9011 -8037 1595
-3669 4259 -5849 7285
8147 -1190 955 6583
-1227 6591 7834 5051
-7555 5340 -9609 2896
-1807 -2899 7648 3619
7708 -7045 -7143 8380
3458 -4635 -8439 -8741
-9467 -967 -6891 1805
-6551 1384 -2474 5632
-3186 8208 -6719 831
-1286 -655 483 8516
1565 -4116 -8249 7695
-7957 -399 -5523 327
1007 6862 1460 -28
-4094 1018 798 9687
-1571 9987 1382 -6560
3106 6309 875 -7548
8412 -3878 2829 -9091
947 2050 -4181 6159
-1379 189 8707 9998
-9376 -3295 -5604 9753
1262 1187 -3720 -5639
3138 -1426 8756 -3999
6509 -9954 4843 -4217
-9883 -1545 9083 2237
5708 4411 8874 -5753
-5286 -1353 6822 -8563
1060 -578 2039 4014
6458 -503 5192 6521
8061 -721 -2851 6114
-5348 -5300 159 3243
-5838 776 -5563 -3106
5644 -5464 3283 2855
-3549 -4904 -4562 -2262
-2947 5882 -3116 2037
1718 -1154 5025 7602
-3904 6871 2883 5567
-436 -1993 965 -1593
5015 -4459 9469 2589
8376 -6291 3295 7857
-5242 4450 9534 -593
-8624 6020 -7714 7248
-5905 2812 -4095 -1131
-8401 5212 7242 396
-6589 5086 7387 6777
-971 -5354 554 -9023
-4463 -4935 -4505 5452
-7167 1626 -5186 2668
4479 -8859 -6666 -5131
-2177 9933 155 -7494
-1324 8493 2053 8748
-1973 8860 8253 -9016
-4036 9810 8032 4724
-1930 9061 -2955 -3281
-2256 6509 8920 5577
-6807 2691 2006 1738
4720 -3310 7915 -5295
9016 -9346 8653 9771
-1867 8850 -6852 2016
5629 -226 5317 8855
-8058 -8068 2368 -3612
-8843 -4316 6632 -2980
-921 7601 -8296 -7407
-9318 3685 7585 -3852
1580 -976 9765 -8262
4192 6652 -9832 -3075
-9002 9216 9566 8255
-441 -1978 7826 -6205
9265 9915 -9262 -9652
-8735 6847 8522 2258
-9150 9608 -1385 6274
-8234 102 -2254 6484
6851 -5203 -4976 -7026
3282 6901 -162 -8065
8604 1081 3009 1662
-8527 -8739 2110 5883
-3298 -183 -7176 9297
-2142 -4348 5078 -7865
-4046 -4109 -5219 1018
-3718 5055 935 -4498
-401 -4932 5058 5475
-726 -4204 9156 -7406
-1210 -8031 -8785 8918
3333 -7746 -2808 6666
5526 7661 1291 -1082
7474 -9521 7933 1908
-4999 2105 -9185 -9868
9950 -5490 -8955 2770
1827 -2233 -7948 -8781
-5616 6773 1234 3597
-9951 -3366 2620 -4565
6991 9178 8760 6352
-5147 8765 -1177 -5108
-3300 1623 7063 -1871
-7635 988 5662 2526
229 -4049 -5845 7550
-9051 -2022 -7196 1507
-1605 3006 8723 -9002
7225 -614 3426 6183
-6653 8208 -1862 -835
1527 -390 7495 -643
783 6069 -2754 -2448
1776 4269 691 8871
5370 1050 -558 5144
-111 7778 -3644 -512
3604 -4054 9732 2759
2290 -5711 274 -3059
4726 -1468 -7769 -2105
6875 -5992 -9954 3005
3009 5224 -4502 162
2678 -5487 2559 -1359
5797 7060 -7432 3290
7692 -6108 -4683 7094
7562 7877 9205 4124
-65 198 -6204 -2091
-4954 7414 -8286 -4436
-9825 1431 -6910 7781
-6242 -4265 8058 -6682
471 584 8671 -4464
-5006 -8222 -5181 -303
-2339 5818 -5165 8251
-1812 7178 5061 -4906
9638 6959 -81 -5760
-5233 7613 2279 -6263
-7822 2587 -7363 -6345
115 3013 -2055 -4788
4018 -4445 -2167 -8182
-2003 3712 4296 3044
-3711 -4652 6780 -7322
-3147 7414 8 6892
-8334 7124 -4202 -7905
-7115 2184 3053 2254
926 3303 8798 6107
8076 3788 9322 -5082
2841 5010 -9457 -4334
-3323 -2019 471 2525
446 8578 8920 6676
-2972 8307 -7920 -3032
3283 2318 -8133 4621
5259 1616 8605 -4156
-7038 2247 9618 1335
-1910 -3903 7668 7265
-6756 -7434 7085 584
-7256 -439 -1952 1824
-6525 -2009 -4821 -2094
-3555 6667 4445 -811
-1896 3835 3952 955
-9398 -2205 -1378 -9099
-198 1160 8113 4781
1787 -7101 3932 4467
-1092 7217 2844 8321
-1024 8140 8601 8957
-6898 -6459 -8248 -6973
951 3600 2904 -9091
3307 2495 -3086 -9644
1485 -2400 -9593 -800
-1625 402 7584 7817
6120 5249 3566 -490
1512 1528 2847 -2937
6881 -6486 -3392 433
8814 8738 -9796 4042
5688 5073 3627 -6801
609 -2131 -5193 5726
703 -7327 -860 -915
-4335 5934 4370 -4825
-2489 4588 -3462 -4399
-137 879 9657 -5296
5642 -1780 7793 -6667
8202 -900 5255 7994
4330 -2544 -4031 -5460
7129 -9339 -2773 5669
7933 -3032 7637 6016
-130 -1278 2391 6685
5408 6815 1515 -184
5041 235 -5332 -5950
8983 3284 6647 5720
3857 2161 1725 4191
-4251 -4431 -5903 -3905
5095 -3397 -8006 -461
-8437 -1128 3151 9824
-2774 7400 4793 -6151
-1167 8391 9219 -9092
161 3701 -5202 8588
-2823 5789 1732 -9328
1643 -5583 -7013 -847
-7538 8 1447 331
3104 2018 -3982 4360
7166 -4702 -219 -8941
-4909 -5440 5415 -828
-9059 -7289 -7489 250
-6069 -7180 -9254 5185
4245 -5507 -2197 -4286
5270 -1249 -9460 1864
8403 -5242 5852 -5596
1685 -8425 1783 -5555
6797 5398 -6589 -7705
4719 3066 -6619 5979
-6238 -3524 1482 9119
586 -7531 7001 8451
5140 5410 -2982 7622
3628 -3658 7504 -5325
-3124 6319 2885 8761
-5996 -592 2112 -1975
-3131 9750 -6014 -8690
4039 -10 9047 40
5689 2824 9683 -4441
3501 1591 -5036 6681
2366 8105 -4791 9062
2796 -5806 -9636 -3750
-6794 -2325 -7613 9056
1383 656 -4878 -527
-8913 9808 -1160 -7398
8197 -4111 6366 -1970
6617 8581 -6975 -8917
9384 -4910 4153 7028
-9135 -8559 -1382 -9326
-8643 -560 7320 2234
3345 -5270 1743 8227
8819 -9231 3110 -7053
-2943 -1577 -2875 -7250
-9224 -6896 5088 -2487
3470 -5324 4824 -5190
-4789 -1951 9700 -324
-7621 7628 -9154 -4125
946 538 -7062 -8706
5011 -5138 -9079 -3426
5649 5135 5846 -7769
9417 2075 4509 6512
-156 -4636 6864 5031
5425 -4623 -2145 -853
-1628 8245 7819 426
5255 6291 6268 4681
6322 9624 -7171 7986
-3016 -4680 -2313 2782
-5604 7367 -8027 8082
6463 4688 1708 -9578
6646 1634 -290 -2040
-4768 3259 -8691 9373
-678 6526 1171 5874
-5437 2363 -5247 -7991
3107 -5388 8980 -1889
-146 8031 3397 1909
2004 -1094 9369 5906
-9786 -4280 -4490 536
4214 -9331 -1409 -7583
-4758 4004 -1278 5458
4089 -4442 7259 7845
3838 -1099 3454 3082
6356 2664 -6579 7751
-1473 5482 -6118 694
1601 553 6376 -4310
1145 6863 -6185 -8516
5153 -8019 4461 -1280
6965 5167 411 1102
6096 4474 416 -3144
1147 4694 9104 -7337
2960 6029 5898 -330
225 -2115 -1899 -9800
4617 7325 8875 -9115
3553 -7404 3056 5633
2165 -9795 2867 -3573
9512 7284 -3540 -6808
2755 2909 4710 1952
7107 -8394 -817 -3256
-6301 -6475 7443 769
-1252 -650 9709 -139
-1639.8600 2193.9200 247.3516
2864.7471 -9939.9046 3153.0692 9334.9836 197.4420
