500
-5774 3929 9644 -3348
8872 2748 378 8821
-699 -2071 6608 9776
-702 3460 8470 -4738
3085 -2763 -6677 -3026
-9534 2254 -3995 -8525
-2621 -3103 -2693 -6374
7649 -5172 789 -5360
-3956 -5872 3463 4842
-2191 -7175 2629 -1944
6108 -2396 -5324 122
-7296 -5761 8047 7982
7059 -4923 -7207 5871
2171 8934 -7979 -3351
-2206 7865 -3455 7269
-276 7351 -34 2018
-1163 -4013 767 6422
9599 2414 5976 1622
2694 1225 2703 4264
-729 -9615 9974 5745
-2630 2537 -3896 1616
-4627 -2421 -215 3049
3252 1315 9154 -9547
537 5056 -122 2197
5907 719 -8650 1647
-3201 -6432 -3491 -3352
9334 -4042 -5862 3262
-9818 1724 56 -8689
-3570 2326 -8727 5076
2780 1293 -6633 -2878
314 7441 -4181 9881
9788 5913 6348 -8292
8330 -2517 1622 -9300
-5225 8793 -2669 -4794
-3982 7808 9421 4943
-881 3049 -5615 -8913
-1514 8997 4443 9277
9074 -9926 3270 2476
4465 3581 3651 -8787
-3075 -7299 6915 -8362
-7698 -9536 4637 -2710
-2365 8520 9892 9644
-9227 -9895 1831 -8856
4298 -5210 -3177 -1633
-7273 6042 4586 -8911
8970 8797 -1195 -2400
8342 6481 3413 8316
-3010 768 -3713 -3741
8143 3212 -8038 658
6047 -8882 -8797 -304
9219 -8304 -5071 -598
8734 -3163 -6891 353
7139 -6558 -2191 -1407
3143 -3394 -4596 421
5184 -8164 -7450 -5838
-7859 -7256 9137 4347
1155 798 -7572 -6429
3070 5566 5864 8654
6178 -2382 -1173 1279
6496 -4227 -7089 6360
7157 4572 -1353 9596
-9196 -7196 1304 -9196
8433 8221 -2247 6264
-1026 2239 5869 4190
7343 -8458 2114 6933
9001 8925 1946 -7919
-5024 -6771 -8683 9746
-9257 6924 -5596 4101
-7383 4859 -7471 -148
6614 6195 8735 -8840
-4880 -3377 -4529 1706
-4015 5532 4719 -2627
4267 8997 -3769 6783
-5762 2446 -6390 -186
-7747 -8982 -3951 -1442
-4772 1434 -7519 9278
-5099 -3313 8234 -4947
-5453 4773 -7533 -3815
-6283 -5020 8995 3138
5350 6881 -146 -2566
664 5256 -3802 -8341
-1087 366 9836 -644
8845 8060 -3681 -854
-7725 1970 -7144 -5107
-1422 1023 6087 -2861
2861 712 1362 -595
4904 4397 9194 1938
-9432 5543 -5236 1254
-2900 -3003 -688 364
2221 -4128 -7184 -177
677 6631 2058 9844
-7934 -9608 8144 -1283
255 -4399 -1478 -664
5504 684 2408 3452
-5200 1534 7058 6322
-2191 -8187 2577 -9972
-3964 3250 9302 -2622
9683 -7572 6348 -1634
-9378 9631 -7090 838
-8165 -7809 -3850 -3391
-8732 -5279 5709 -6664
3240 3738 -1922 -7945
-2759 2216 5727 3052
-8496 -9711 -447 7315
-8230 -4047 136 -7659
-841 -2404 -336 -915
8516 8247 8794 -9876
2460 -7312 4052 1912
5701 -2623 -9917 -6357
3133 2568 8873 748
2241 3176 7969 1810
8164 443 451 3059
-2931 3525 1249 3058
-2346 6838 -410 390
2918 6031 -5203 967
-7203 8204 -9759 -2721
588 3813 -1822 2162
-9514 7117 -3704 -368
5689 -9009 -2881 9607
2200 8262 1551 7730
-12 -4133 -1312 5983
3207 -3917 7550 -8536
-4850 -8105 -4623 -9192
-2733 5348 -1251 -545
226 4876 -8525 7093
4766 6911 3250 943
-1025 8698 318 8291
-5346 3898 547 2117
-437 5428 5387 -968
-1135 -7884 8138 -4454
-4760 -4539 -8009 -9426
-8080 -8415 -5231 9157
-4670 -2230 5230 4344
6064 1323 -6027 -9462
1208 -7245 5528 7380
-8997 -291 -3550 -8965
-5079 -7450 -5179 9277
5121 6695 -5312 -781
4055 -164 1229 -774
-2286 8469 -4776 -1647
-325 4231 3131 -3624
1488 9378 -3139 -6684
-5259 -8924 2027 -7055
2618 7721 3283 8983
-2510 -8155 7183 -1210
1843 5335 -7955 9713
9150 4604 -433 -2589
1616 -8602 -95 4158
7643 -9826 -880 -6021
8423 9542 -6780 4574
5479 3117 8404 7339
-4712 -2211 -5028 -1901
-6509 -9720 -3731 -5622
-2417 -5098 9636 -1665
320 7617 -6471 -3125
-6920 9610 529 -6447
8868 5233 -2318 -6430
-9704 -3223 6711 -4786
9301 -3883 -132 2079
-4203 2079 6468 -4361
-7749 -9456 -855 -5075
4298 8759 -4852 -5206
5398 7006 -9312 3103
-8220 -5335 1591 -1904
8363 -4546 -9397 -3743
8640 -4383 4766 -7165
-5539 4020 253 9730
2614 -6194 -4414 1495
-7900 -4746 -3628 -4377
-1426 6971 1540 5134
5457 -7550 1056 -5616
5055 3206 6677 -4748
-8553 -7102 9031 7226
2760 -8505 -8757 -5763
-9085 -3234 -4782 9421
-9409 -620 -9899 2775
7412 3721 8580 3422
-8829 7747 -2578 -8450
-3046 7531 7975 -1602
8739 -3008 -7278 4037
4966 5582 -7063 5482
9007 -5712 8896 -2490
4790 1200 -3223 -7441
3353 -3905 3459 438
-2887 5959 9445 -7350
-1730 -956 -928 -4782
8722 -2927 -9459 7060
-8724 -179 4450 9806
-8043 3644 3086 -7901
6184 -6942 -5159 2713
2976 -4108 3134 -9849
7182 5481 2956 -4705
-3178 -3147 9077 -3933
-4185 5998 -9288 -5179
2268 8892 -4634 -6364
-4062 -3300 -5069 -6149
7974 9026 2121 -7550
6293 7558 -4354 -1131
2247 8853 -5493 -4222
3444 4316 -7443 -5474
-3193 -8354 3527 2334
-7839 -7202 3415 -6927
998 -1399 -5176 2018
9311 2922 7711 -6602
229 2521 -2183 7740
1533 8847 -2828 1136
-9005 -1906 -4756 8066
-8144 7403 -8163 -2183
5389 -9652 -224 -7584
-6722 -2909 4961 -274
7893 -2905 -6500 -1870
6565 -6851 5759 -2773
-1314 -605 2666 -7845
3065 3763 -3123 -5850
4342 4568 -2948 -2356
9591 23 2300 -9660
-9324 9364 -7536 -8271
7057 6503 3657 -1770
-3082 3972 -2752 -8245
-1486 4448 5745 5377
-6826 2112 4628 -6781
-2740 6414 -8859 9322
-4618 3237 -5485 -2110
8642 -5026 -7044 -5761
5922 -972 -95 9286
6601 490 8327 7248
-5362 -9991 8061 -1917
-159 -2391 -5208 -6588
6868 2560 -582 -5077
8626 -1174 -7148 -10000
-387 -3664 -2946 1006
-3924 8910 630 9111
1924 6873 4104 9641
-7931 8515 9347 -6497
3410 979 1877 4677
-1263 3205 -3210 4064
-9415 9503 -7396 -2726
693 6049 -4952 5800
6924 -1933 -4362 -4586
-5536 4312 -635 7541
1709 8849 2537 -7334
-284 4433 439 1903
-831 -625 -2976 -3976
5932 5587 -7281 -1043
5172 -7156 -5608 7289
8267 -7366 9716 4305
7827 3360 -4480 -6930
2778 9997 7585 -6900
-1870 1883 8055 682
-5564 -9894 -7166 -8461
2113 -6417 6312 9897
-6580 -9478 -124 8902
-2734 7805 -7900 6992
-7664 -3254 4706 -1833
-8509 -1098 6432 9712
9421 8809 -5382 -5257
2969 -7567 9748 5802
7201 -5011 -6502 -7889
5922 8239 -1168 -8653
-3314 9820 7159 -2731
-1806 2229 9569 -9443
-1065 8673 -215 -7801
-7263 -2837 -2281 -6797
-8766 8476 -5088 -83
8078 4197 -3517 -4323
3293 9909 -864 -7526
-7228 5173 -4037 5572
776 2032 -4894 6853
-3615 4976 -6727 -964
5903 9919 -4387 -9649
4496 9094 -7275 58
-32 3912 7006 -832
1397 -6606 -846 -4513
9564 -4629 -9514 5332
2302 4192 6792 -8311
517 9833 9409 -1651
-1483 4535 9678 -6107
7641 2268 -5246 7250
-6854 -5395 7705 5759
-9690 8046 485 -9085
-1615 -6284 3375 -726
-7192 -9164 -4228 -9134
-106 5895 2143 7555
-5997 6480 -3651 -2879
4472 654 -5193 9148
-4936 -8683 -2182 -4285
-7025 3290 -4860 -9755
2923 -3803 -3306 7696
-4476 -1031 -968 -8175
8892 -9687 803 -5164
4480 -3971 6475 6159
-4320 -9791 8570 -9691
2730 8763 6340 4724
-8508 2272 -8129 7121
947 7043 6507 7330
-394 -1844 7896 3333
-8922 -8179 -8351 1960
10 -5858 -4406 -6098
8596 -705 6398 4534
-1629 -8733 -9900 -9090
5341 6315 -264 -2561
1736 -6163 -9985 1461
-1404 -2490 2964 -5755
-4758 7008 4177 -4448
6660 8281 6672 -2328
-233 8180 3523 -9725
-2759 -7025 1693 829
6193 -2654 470 980
-67 -4266 1485 -7309
-769 6396 122 -2704
-6707 -2891 8494 -2711
-751 9431 7462 -139
710 3528 -1777 5015
-1408 -8801 7057 -6496
-5577 -5471 2287 7791
982 7040 -1754 -9334
-4633 6740 7912 7808
-9482 -2287 6087 9240
-9314 444 -1968 -7830
-1947 -8500 9095 7836
-515 -1465 5649 -7806
-1886 -7651 3027 6520
1416 982 4423 -1925
8843 -4426 -5478 9186
-8852 -892 4687 1184
-7409 9696 -5870 -6680
-2763 -499 5457 -7562
-6405 7648 3524 3441
-3816 8317 4165 -1151
-4646 -2035 70 7247
5934 4028 4207 5036
-5226 7691 -1951 -3177
6025 221 -9140 -3454
-584 -7000 3067 -4617
-6748 -1713 -6281 -5665
6157 1964 6975 -8452
5529 2847 9 3609
-6792 2807 -5063 7464
-6969 7958 7499 -4114
920 1746 -9712 7765
8290 3201 -5363 -7532
9327 3493 -6414 6236
3852 385 -7723 1789
463 -5466 7568 3671
8712 -8869 7923 -8917
-3151 -5396 -9967 705
-875 3063 4167 -5425
-7513 9208 -151 8530
-881 2552 -6839 -6670
8308 -4786 -899 -9218
-2467 429 -4054 -1382
-7211 -9593 7433 -9936
-6585 -8216 3520 4628
5305 -4330 -3425 -633
-783 6683 6753 1214
-3631 1025 1200 4517
1092 -8066 9409 9181
-200 3806 2813 3554
3223 9105 4998 2420
-7962 8400 -7714 -5312
7625 1531 -4577 -4655
-5044 -6402 -1977 9709
228 -1369 7388 -2011
8704 8467 9091 -4562
484 4812 836 -3763
-2095 -8554 9103 -9190
9896 -493 7616 -4991
-1328 -2670 8616 6826
6397 -4912 -6310 -6979
5577 3715 4909 3301
-2646 -2719 -6651 3800
986 6155 3630 -7734
6811 8310 4616 9522
-9593 -4986 -8516 4736
-9436 6114 1667 -251
-4930 5236 -9673 -9050
-8065 1969 -9537 1801
9682 3312 -7806 -3617
-7589 5670 -5505 -3333
170 -3586 -7116 -3446
-9519 -1396 -2271 -7942
-5322 1024 9847 -8660
2239 8790 6776 332
119 8613 8977 1544
3970 3034 1080 6733
-5249 -474 5529 -5174
-9765 4425 3862 -9556
-5815 -3573 1835 -6604
1633 -4130 -2501 1895
9167 -1506 42 -3843
471 -9236 649 -8873
-1124 -3736 9834 4969
8176 -2516 8380 1757
-4236 5081 -9432 4178
-5996 9589 -9996 317
6004 -7019 -8087 605
-2468 1368 -853 1531
5013 814 556 -6370
4792 -5430 2871 -7687
2685 -3969 -3631 -6936
1608 8444 1433 -1755
61 4251 -4450 -362
-7897 -3534 775 -2011
-8865 8204 -4328 -6649
1737 -3867 5008 6710
-8320 -6516 21 2131
7072 1885 -4007 -941
5583 -3635 -4039 -3420
-3798 7766 2903 1998
-2367 4086 7205 -4517
-5877 -5271 4332 -5764
9622 -8434 7351 183
3939 2186 -7658 -5040
-7925 -8350 7134 -5982
-8421 6964 -222 5888
1795 1995 7319 3578
-277 -616 -873 806
9510 -1474 2386 3570
-1047 -3727 8023 1842
1886 -5083 2881 5216
5330 433 -4976 2144
-2150 1346 -6060 129
-2004 -8513 9090 6164
-8875 2438 996 4985
3623 -9161 2217 7976
7734 -322 -7929 -5068
1560 5702 3820 -1313
6236 -5778 403 4053
1339 -7343 -984 -3576
3816 -3161 -9327 -375
-2121 9264 6715 5132
5661 -662 6471 -2019
6472 2477 -1113 -4359
-5510 -214 -6416 3384
-7545 -9550 7703 6161
742 -650 3577 8782
8168 -894 -648 9472
6303 685 2527 -2734
-1617 9702 -4114 -8984
7504 1207 -3078 6533
9567 4637 -8558 -8615
-7470 8366 5701 -1021
-325 4524 -1774 3828
-4495 9023 -221 -6358
9494 -824 -9525 -460
5537 -8717 2971 8450
5329 125 -1963 8377
7399 1068 -6581 -702
436 5699 -1328 3157
-9258 2205 -7510 9530
5911 3741 -8738 -5844
7849 4597 -6054 4028
1477 -370 3255 -3013
-8035 2048 -2985 -5358
-2659 6120 1663 -7909
-1280 4034 2089 -6954
-5085 8625 -4000 2213
8279 863 -5840 2739
-8643 -7740 2621 -6200
281 9633 6372 -8152
-7868 699 -9060 6751
-9863 2546 -720 -4714
3997 501 7189 6475
-327 7897 -8851 8290
-5910 4594 -5395 7105
-5720 -7478 -1526 -6917
-1741 -4139 5870 -7416
3184 6816 -8867 6508
6165 5362 9249 633
-4041 -4397 9127 4390
6464 -5993 -612 -9166
-8605 -857 -3938 -2461
-178 3471 -7436 6793
7398 6239 1415 -2085
2080 -3982 7687 761
-7283 2989 1593 -3808
1413 7643 -9674 -1203
-4509 7844 -493 -6298
-4407 9744 -4480 4421
-3572 1478 6097 2754
-5277 -9973 8810 -8962
-9449 -7616 1215 -7565
-6993 3781 -840 -4023
4387 -6677 -3196 -6129
-1863 3236 -3036 -4697
3484 9200 -8644 1687
-8244 5961 -2701 -2036
-6538 2855 8287 2481
4336 -2016 3563 7169
-1818 -1631 573 9514
-1610 4836 468 -4706
-9423 2750 8745 7187
8140 -9370 6927 5071
-253 9180 -3073 -4424
-7594 -5182 8973 217
-2632 -770 -4707 9200
6795 4683 -3258 4203
-6099 -4224 -3144 -2758
1923 -1491 3071 8846
1786 -4384 -1550 -623
2990.0200 8226.5520 452.9900
8189.6369 -2806.2896 -1957.7145 292.3890 684.8390
