500
-4051 6120 -2137 -6969
1550 -2523 -2431 2060
-9726 -1658 6712 -7946
-6832 5224 -174 -717
-2423 -645 2374 -3726
-2941 -1898 8031 -9989
6848 -3262 4645 4024
7082 5353 644 7524
-1998 -547 -1095 -7689
-3773 5844 5475 -3840
1613 3721 -3485 9060
2303 -6860 2086 -5312
458 4395 -2617 -2130
1317 8849 4079 -3561
-2022 -2831 8285 1954
-4853 5005 -8281 -2515
-9226 7481 9776 -8319
-5770 5086 -2971 4471
4291 -6386 -4686 -9461
-9135 8370 -5658 -8803
5940 3770 -8873 1748
2277 -3041 7665 -3235
-2152 5368 1857 5607
7662 9136 -2888 -2818
-1881 3844 5615 -8643
2028 -5481 -1202 9570
-2708 5649 -9395 -8674
-5868 -4314 5207 8028
-3381 -6351 -6475 -9150
6453 1509 2325 -6129
1054 1626 -4342 6286
8441 -5282 7506 -2700
-4844 -6490 -1199 3412
1543 3282 -8062 4724
8933 9694 8357 -1663
-2243 -1816 5284 -8242
-7282 7372 -4563 -5086
4162 -4032 3135 -2731
-5901 1202 -2475 -3668
-3533 -1164 243 9546
-2214 6732 -8324 1451
4653 -9564 6300 -1216
-5948 -2572 -3344 8898
-2621 5198 -3230 619
9461 -539 -721 9365
-1082 440 4742 3349
-9990 7288 -7619 1649
7873 344 -3727 -2530
9382 -6905 3383 -4200
-5551 8069 8308 5890
-7283 -7060 -4010 7890
5903 -9885 7037 -377
345 -2076 5054 -5216
9706 8486 5662 -6273
9066 -9159 8093 -1458
-6157 -152 -7926 9811
-5495 4084 -8178 4758
1960 2261 4784 6006
-1466 7640 -9210 -390
-6912 -9746 9557 -1250
4876 -1665 -6433 8161
1694 -2675 -4094 -3576
-8331 -535 9860 7691
-285 8297 4950 5915
7084 -2131 1497 9906
3172 6982 8374 8851
-5753 3404 4794 5028
-2432 9600 3574 2824
-8763 6381 4864 -7027
-3106 -7617 584 -1765
1661 -2854 -3794 3416
-1843 7688 -7614 -2045
-3763 -8847 3036 6603
4544 8727 7966 1426
-1618 -9241 -9905 -7022
6042 -9994 -4264 1081
6425 9242 6433 -9221
5144 -79 -84 3453
1150 4619 7959 -4628
-6151 -2417 7537 -7391
7022 4537 6856 7021
-6056 3961 384 7736
6470 4974 -6525 743
1424 3451 1781 -4723
-7747 -8855 -5754 -5945
-7557 7900 8281 -5966
-4351 200 4571 7084
6477 5173 -2456 9379
3086 -3204 -7159 7830
2716 -4709 6386 1455
-4857 -6741 5673 -1287
2418 4545 -8137 -4476
9282 980 6358 -2461
-8875 -176 -5317 -2826
-8275 -850 -1082 -8875
-4328 -8006 8307 -1129
-4114 -8910 -9709 -614
-1028 1667 1980 230
9450 -8194 7700 6324
-7666 2087 1848 9576
9763 5863 9794 7888
8849 1859 7893 -7516
1702 -8669 -400 6285
-9133 1755 1986 4875
3958 8941 5864 -2445
-8442 1172 8139 2745
7074 -7263 -3661 3522
1640 6842 -6111 -1431
5488 -3258 -5423 -7101
8557 453 -3263 4910
-5174 -8667 -4466 5421
-4947 6861 -9423 -792
-2616 -1857 9314 -3203
3290 -1038 9125 -835
279 2928 1591 1572
-3024 -2586 -5799 -3692
-5942 2125 -3911 8001
485 3698 -5714 2528
-6108 -5745 9857 -4635
-1028 9774 4486 -8583
1102 -3353 -9320 8303
-193 -1133 -388 -9087
4139 4934 -953 -6921
-3953 7626 9455 -1344
2810 6637 328 -3920
2970 -1229 4446 7212
7982 83 -6407 -3810
-8944 -1564 5613 -5447
7993 -7384 -8068 9630
-1894 -3650 -3194 5289
-4306 -3724 -4490 -9296
-1244 -4699 -7761 -5341
1241 1331 -3783 4031
7154 -6797 -1211 -6200
-2937 -8768 -3392 1349
-4636 -2829 969 8101
-7806 222 -5442 -1522
-2792 -2071 -3984 4866
-9829 9304 -4188 4943
9541 1800 -7663 2114
-8623 5485 -4001 -9831
4632 9982 3956 -5102
-3627 5245 4664 -9508
-4990 -4508 7182 8794
-3483 7602 256 -4817
1647 -4778 -4133 8591
-7555 -2522 5718 1832
-7041 -3647 -6211 1899
-120 -5225 -9960 -9955
6965 -4506 9986 3128
-9107 3269 8487 -6700
5616 6685 -7202 3292
2749 -2530 -1655 -9807
-2472 -1924 209 -9018
-5996 3827 9016 -8341
-5785 8617 3960 -6931
5794 -2735 54 -7496
2382 330 -9619 -2307
2519 7627 -6218 -2018
3369 -9077 -3013 3787
-5723 7112 -9534 -2363
-6717 4219 9327 -9112
-410 3637 -2723 -9442
-4292 7042 3476 -2465
8607 -5795 3007 340
7523 -6885 -8813 6411
-8184 -5220 -4523 794
8679 -7575 -468 5528
-980 -1381 9733 7127
-1332 -2976 9252 3379
-8240 4427 1488 -8882
3031 5331 -4907 8349
-2251 5195 -3184 7172
8512 8208 7719 6927
-8034 4043 1061 3041
9730 -2348 1714 -3311
-2248 -2470 -6043 -9661
5557 7798 7661 7518
-8093 3398 -8891 -1253
-8730 -9349 6949 9707
-3307 -6887 -8 -245
1085 2678 220 -1015
1064 940 -3602 521
5738 -8977 -4934 -3695
7401 1529 -8342 4805
7952 7562 -4964 -9544
-8470 -8941 97 -2599
1918 -2903 -1728 -1518
9506 -5045 -5147 6692
3596 -5389 3582 -6443
4838 2013 -6003 8050
-2561 -656 4789 -30
8164 3587 502 3760
8099 -8039 -6618 5505
7684 1304 4832 2360
-3362 -7024 4747 -9835
-7090 -3747 -8166 -9667
-8342 -1034 -7046 4663
-2136 4385 4793 -5102
-7256 3459 -6735 -558
-3423 1626 -1273 -2790
-5455 6086 5313 1722
-2581 -8540 9890 -6244
-7345 4087 1040 -142
-2683 1892 4820 -9992
2135 -9628 9886 -7280
8861 8000 -8591 4897
-9286 4780 2201 4584
-7233 8560 -7378 6651
7677 -7068 -5531 -1282
6376 8653 -3783 1191
4888 896 1961 -8695
-5587 1162 4805 -9110
-7962 9854 -5520 -7678
6279 8619 8923 9718
-6588 -1408 -1275 -5029
-900 -4294 -2063 3624
8415 -6067 1910 -901
1239 -2145 -6400 2398
2632 -3557 -6555 -1873
9308 5001 5113 4932
7069 3861 -1793 -9119
7613 5432 -6192 -936
-6252 1127 2006 -723
-7154 4329 -2534 804
-2367 -2259 1906 4891
1127 3854 -9009 -502
-6096 8747 -3696 6324
5104 1189 -5894 2227
6606 -4793 -4461 9758
8701 8966 9441 -3151
-3720 -9067 -6729 8446
8349 5314 2566 7594
-1511 1802 4737 7773
-115 -504 6125 5053
5312 -8543 407 -4034
-731 -8790 4939 -4526
-4241 -5361 -3425 6951
-4899 -1121 4588 -8131
-7898 -1186 -678 5317
-426 -4875 9955 4918
-4699 -9783 -8627 7337
457 5580 -7659 -9425
2878 9642 974 -2604
-2782 9262 3381 -4800
5392 -6701 8690 -4145
8951 -9217 6041 9207
2669 -1776 6338 6491
-4955 4852 -4071 5641
1798 2010 -6701 -3754
6415 -1139 -2693 -2076
-8543 7308 -1664 7829
-749 7889 -9127 -4756
476 -4408 -1471 -9269
4804 -2468 9081 6178
2435 5025 -6097 7777
7425 -4650 5148 -6333
3663 -5738 2528 2462
-7443 -7576 5615 -899
3144 -7820 6531 -8564
2602 -3118 4275 5006
3648 9853 739 3101
2823 -8683 2039 5929
-2346 -2236 6863 -4130
8250 -9270 -6320 -4719
5684 -1533 8094 -5774
-3678 -6560 2996 4736
-9258 -4609 -5370 -9196
-2331 -9351 -9296 -6645
-3681 6094 4747 -7441
-3799 -4568 -7765 4297
8208 6950 1774 20
2768 -2343 6197 17
-8917 1746 -6937 -6007
1595 1693 -7091 1574
-53 -5778 9239 1407
-2763 -4326 -7091 5506
-5082 2300 -1247 7003
583 -242 -2405 -6780
-4880 -6732 -2578 7709
-4222 -7063 3880 -1466
5738 2041 2318 -4996
-8163 -3640 -587 -7660
7649 1623 -9375 -6406
-614 -8378 5126 -5032
5753 4258 612 -8711
-2226 -1887 2513 2767
-5582 8320 1179 291
-9196 9634 -9415 -1960
-9263 1037 3448 -8196
-1505 -6844 -7590 -2412
-6805 4452 1007 -5951
-7278 7475 7981 9590
-1730 -333 -5199 2223
6361 2749 -4392 1266
3385 -6852 3239 -1907
-2251 1757 -1990 3274
-173 6416 -2783 2380
3616 -6501 -68 351
-45 1417 -322 7186
4995 9037 292 324
4451 -2122 8933 5880
-1069 6696 -9273 8085
2190 -688 -8629 -2768
-1209 -2493 3670 -3012
-9174 -2664 -3670 2319
-8053 3741 5637 -2017
-6631 1416 8722 -6521
-4934 7741 2061 -9211
7904 7230 -9008 8144
3673 6378 -4704 -8306
5656 1723 926 -4089
296 7439 9658 -7421
5164 9465 -3435 -9175
-7133 -9283 8296 2462
-6468 3929 -2815 2341
-6760 -6399 8411 1383
-5935 3874 -7843 3090
426 -9295 5381 -7841
-1422 -1159 303 5727
-6507 8537 6106 -4378
2548 -7796 -8733 7573
-6812 -6213 6168 -6263
-4690 5465 -7892 -455
-8887 7250 -482 7809
-8494 4681 3784 -245
8967 4818 137 -1671
-5719 -4068 -8302 -3277
9106 1477 -5013 -494
-7593 -6933 1014 -9975
-4570 -7850 2800 2865
9858 4347 -4597 -7341
-1422 -6834 -3620 7538
2707 -6977 -4296 -2294
-7515 -9202 6773 -6329
-3437 8037 24 7703
9515 7484 7868 2953
6055 8241 8303 -6321
-8926 -425 3525 4311
9161 7391 -3927 7631
-9764 -1743 -8928 8435
9112 7170 -3377 4819
5696 7720 -2119 -8556
5066 4479 2316 -1259
6684 7161 -2280 -7192
-9801 -4523 -8818 -2527
-8029 8654 -8422 -6024
7700 -3199 -9441 9127
-8360 -9934 3042 -3842
7127 1113 2041 4829
-9682 -4444 7279 -3559
-7035 -9802 -6319 4409
-1546 -5035 -269 6093
3092 8166 -9646 1749
-9658 2146 -128 7571
6691 -7584 5243 749
9157 3785 -6189 7821
7131 -6311 9224 -1645
-3166 -1888 87 -9318
802 6680 -8141 -2469
4666 7183 -2792 6769
-1990 4540 9780 5981
2564 7933 -7841 706
-2125 -8226 2517 4054
-7696 7552 3249 -1949
8225 -8672 -2445 -3240
-2141 5322 5549 5874
9568 -9984 -9627 1116
5033 1196 -8305 -3983
6316 -2334 9573 4790
6340 9989 -4393 1311
2530 -5056 698 -8175
2278 7429 8627 4530
4251 9626 -3100 -8323
5307 6414 -8926 -9218
8472 -6526 -9754 -6168
3461 -4764 3099 -2581
6330 7867 -7051 -3998
1693 -7722 -7910 9816
-6627 -5671 8841 990
5784 7585 -1794 -1807
-5859 -2178 3995 -5710
-6018 -8413 181 -8831
906 6989 -2685 -3438
5798 -9952 9614 5767
-7696 7100 6295 -6957
-4094 -9183 4282 4371
-4028 -7668 4920 -1459
2039 -4728 -6766 2505
-7941 2138 -8973 3425
-3620 4645 -2428 -5531
-1874 5201 3199 -5141
-9853 4853 9463 -2121
-8865 5804 2228 4669
-2417 -8885 -6804 -36
-4673 9470 7006 4719
4868 7057 -9989 7085
-9869 715 2052 -2402
3228 1194 3631 -4837
8428 -8532 1709 7942
-2635 659 -3566 -2907
-817 9394 -2075 -4931
-9429 2101 683 3835
-5131 -258 1684 -791
4817 6402 -274 3380
3107 3300 32 -594
9142 -7488 8759 -5076
6168 1897 1115 -6153
1730 2927 120 -9830
2832 6359 3866 383
7833 8448 -6596 -7071
8160 5232 4963 -2795
-2346 -9910 -4350 -7659
-8780 7836 -6026 -9037
-6012 5893 -94 -2918
245 5598 7735 -9349
-505 -3713 8295 -798
2589 8175 -7707 6274
5523 2336 -2680 -9028
3060 9628 2943 7370
9239 -7156 -6222 -9498
237 696 -4295 -9614
1579 5865 -2105 5955
-5124 993 8254 -9314
-1759 -4819 -7780 -207
-3872 -497 2236 -5772
-9220 3050 -1863 -138
2288 4805 2109 9167
9326 -2705 -2075 -8519
9526 3341 -823 -3412
-1981 -8898 5968 9129
6464 -9039 9613 -2320
-1865 -7705 1148 -5742
-9057 8639 1105 -7911
-7783 -77 -7751 7038
3495 4820 9869 6077
-697 -6562 -1211 3848
7366 -3673 -8976 -1500
-8038 -6084 3125 6993
-6726 8294 9124 -8692
396 5223 1376 2587
-3982 -8615 5244 516
-7072 -8586 3150 -6452
-4605 2367 -7456 -4225
6733 5464 -752 -4265
7418 1317 1918 8224
9098 -8274 7657 -886
2051 -1884 3296 -561
-6819 7119 6729 733
2356 -9667 8015 6878
4063 -9167 4114 -8607
955 -8296 -9133 -1499
8873 -1944 9944 -6629
720 5877 2391 213
-2325 727 1513 -2040
-4639 -8487 7312 -9047
1257 5322 3611 2212
3851 7685 -9382 -4857
-4968 7410 4677 -3517
-2320 9459 8424 1459
-7450 -6882 -6852 8748
-7129 8932 -5818 -195
-3275 -192 -974 -6150
7894 -6 1166 7360
-5370 -850 -6966 9416
-9035 -4390 4391 2511
-6620 1131 7432 -1802
5984 5701 -9818 925
-9491 -763 -3379 7994
5710 -9782 -8484 -6952
-5815 8579 -7389 -7434
8844 8939 -4791 -6151
1357 4324 -5001 -9342
9151 3247 1101 7578
-1177 2657 -6588 9442
-2673 -487 -7505 6818
3387 -7490 -4911 690
7321 -1868 6008 -9535
4596 -2788 -5649 9443
6156 8088 -3206 -80
3322 7391 7939 36
-7134 -406 -3692 -1902
-8285 -1712 -1982 5757
-274 4517 569 -7269
-4478 5375 -7751 -1847
3094 -4274 -4419 -8746
2135 2051 7993 4293
-7194 -3773 -7347 8011
-3397 -5851 -1120 -7975
7783 9038 -4750 -4226
-4358 4597 611 -72
-3907 9620 2940 -5895
-8304 -760 -7278 682
-2099 81 -4522 8349
-1849 -8350 7475 -4959
-8057 7711 -2111 2678
8341 -5098 4372 2753
-8250 5334 -1604 -1303
-2445 -688 -6643 1420
-8943 -6061 588 -472
7915.5300 -3830.9160 924.5780
3201.1470 5222.9875 3846.2588 -3065.4304 650.8760
