500
7933 -2222 3882 207
-460 -9616 -129 2453
2727 7340 7635 -4944
-6619 -5050 -5008 -8788
3470 -8592 -3900 5280
4088 2971 7112 -6665
-4828 -2111 -9948 -6433
-5469 172 1037 2686
137 8919 9721 7469
-6891 5147 -9128 4149
9481 -5285 3235 8981
959 -7163 5718 7227
-3661 -8347 4269 -282
-4347 519 -4401 2597
-6458 -4669 -4404 3601
7071 3903 7756 6153
-2702 3209 -4521 4233
8883 -7079 -5258 -9713
9526 2379 -2370 9965
-1524 -8460 -9595 -718
1678 8129 1859 8987
1202 -4756 -8240 5568
-129 1111 -1188 -3785
-4816 5626 -3885 6485
-469 -2200 -1080 -6653
-498 6982 -5156 7522
821 -9910 348 -8714
-4263 -1479 -8716 1077
599 485 6584 5080
-9116 5010 -7376 -8197
3045 1085 -1234 7922
-3607 909 4389 2285
-1602 2159 2182 -2366
-5423 3149 2046 6641
-1729 6525 -5108 1251
-2016 -5024 2814 -1323
1802 1683 -8593 344
-9027 -7447 4022 -6948
-6417 -9350 -3864 -8996
5000 -255 -634 -2654
-6453 4747 1298 2706
-8882 -5977 -9554 8965
442 5108 -3395 -7421
310 -4788 -8119 7622
9902 956 6299 -7237
-7204 -4306 -1710 7252
7955 -5479 1118 -8710
-710 -2977 835 4722
-1128 -7501 -1934 1479
3912 -8140 -6200 5812
-6841 4922 -984 1109
-9670 322 585 -7156
788 -6742 9957 -3152
-5105 -3952 7480 -8278
-2876 2527 -8682 4719
8228 9914 7862 7548
-8591 -8961 92 -8508
1316 6344 -4964 6459
431 1184 -6609 32
4784 3587 -2296 -6057
-4124 -4353 -5014 -6072
2018 3677 5425 -3117
-4176 -7530 408 -6112
6377 -9925 -6248 -1190
-1929 -1226 -9024 7613
9722 1068 841 -4369
6618 -4671 -6994 2821
-6919 -6338 -1427 8243
3970 -3159 -9675 -4504
206 3778 8032 2744
3874 -1226 7493 7961
6209 9373 1516 926
-6658 9761 1087 8689
4012 7211 5656 9331
8777 6314 3616 5267
-1088 8011 418 8073
6258 -7075 -6016 -3710
8453 -605 7100 -5478
-3718 8401 2440 -7920
5093 -1340 -6902 -6255
3820 8688 -5157 -2800
1132 4463 -6260 1972
-6190 -6695 5493 5568
-8677 4062 9552 8133
-2803 1490 552 4968
7345 4613 5522 46
-7399 6601 1189 -8610
-9844 -3914 -2348 -1313
2941 -6348 8102 -2843
6502 -2713 8736 8925
-5522 207 9532 -8058
1562 7066 -4539 3429
-2614 -708 -4180 -6136
-6535 8758 2977 -8797
-3423 5792 4762 -3886
-7646 -8657 977 -9426
-9302 5018 -6579 3920
1213 4673 -4850 -304
-2929 -1110 3727 -3386
-8427 -2992 -2871 -559
-3000 945 2376 4097
1243 -3487 7603 1491
-5777 -3287 7854 7632
-3539 7902 7506 -9724
-651 -3313 2702 -4828
3372 -5034 -5878 -7769
9683 -9205 -4991 3528
-2882 -3864 -6288 -498
-4465 -5182 -2490 -4280
-9832 6779 -7685 2266
7003 8926 3922 -2912
-5013 -6636 -2416 119
-5545 8885 3456 1964
-6114 2597 9257 3428
-2245 -1210 5800 -4799
8272 -2660 -2740 -5654
-9256 -6115 -4382 6842
2470 8348 -5499 3589
1531 -118 9733 2455
3813 3058 -6277 5654
-8156 1200 9290 8326
2355 2433 4728 280
-4747 -9888 8297 -3587
-6068 6267 9175 9723
7655 -9855 -5711 -8999
-2328 -140 3268 -805
5781 -1685 -8427 -3920
3898 -2082 7565 -450
5163 1217 -8994 63
-106 -7984 -4724 -2908
-9706 6814 -3354 1517
975 -9246 -6757 8846
-4707 2127 6363 -2862
-6294 8437 3271 7776
-9083 8612 -9067 319
-9694 1622 7389 -4943
8112 5110 -6859 -3026
-2619 -4814 -5242 -5906
1737 4567 4094 -3970
-8608 -945 168 -3653
8483 -3761 9262 -437
7545 -5925 -2376 -8559
7150 4359 -5813 -2270
-1992 3575 7305 -5647
-6189 1491 9411 -5774
6722 5072 2417 8978
-5419 -9555 -4065 -9638
4614 -6846 7698 -4679
-941 3658 -8125 -7503
6224 -354 -3853 3324
-2646 -6319 -5998 9153
5135 -664 3357 -8839
6654 1484 -1004 2398
-2195 -7216 -5086 7845
7891 9597 -9950 4420
-588 5036 -8339 1996
-1321 6826 -9785 -3502
9312 995 3493 7551
1295 -5438 -7007 -5735
-6635 6931 -2424 -4197
-8826 -7897 897 614
6896 -442 -5986 -361
6855 1455 2594 -2863
7825 750 327 6736
9055 9445 -8320 -4044
8325 -8275 2841 4296
6272 737 4894 -5699
-2962 -3781 844 -564
1163 -4915 -9451 -3044
-4912 8851 5696 8595
800 -4755 -9306 -7527
-8972 -6926 8143 6201
-6645 1154 9191 7429
-9357 -5627 -8593 -5387
5828 9290 8349 4906
-2264 7882 7944 8647
4211 -4048 6217 -2486
-6807 -4994 3994 1503
311 5953 -2188 -5963
4681 -8957 1490 -3124
-9349 9887 1398 4405
-2045 7917 -3500 -5260
-7658 -4462 7471 8973
153 9620 -3946 332
-4090 2049 8073 -1499
9342 5907 -8605 1885
4098 4403 3859 854
525 -6413 -2918 2599
2086 -7294 537 -8792
445 -7186 1100 8236
6739 -5215 9756 6754
-5894 6505 -3796 -1975
-9992 -779 5042 -5851
9618 538 9140 -1457
3507 -8979 -482 -6389
6580 7877 7365 2795
-8054 -8040 4207 -6930
-1484 -1982 9770 -6284
5177 -1498 -4857 -6816
3290 912 3957 -3109
-9025 4792 5897 9623
-5435 1012 1160 -7974
-8949 9037 -7885 -8335
-5953 2412 -9839 1773
-6114 -6500 2846 2211
4183 -6477 -9832 1751
4607 -9164 -1104 -3271
-3849 9434 3024 2354
-6723 8910 -1747 9526
5025 -7606 1899 3642
-6966 9590 -7542 -2140
-7499 8406 -3374 -4858
2043 -1625 -4122 -9679
-1594 -6127 -591 5619
-5409 5785 3507 -5882
4156 -8991 953 2584
796 1126 5129 -6924
8970 9408 5234 7454
-1207 9618 1956 -4988
8102 -3082 2499 -1180
-971 -8406 2646 3939
5315 -6918 6974 1579
-750 -7639 9469 -6294
-7888 5526 -3336 -6733
1379 5169 -1724 2825
-2084 -7542 4177 7788
-9362 -3161 547 1277
5141 -1268 -6064 -3907
1807 7336 4685 3473
9995 -8346 4616 -1843
-6747 -7913 4684 -3657
2155 -9667 -8510 -3586
85 -2062 -6465 4429
-6883 2045 5600 7933
-9303 -5255 -436 -8313
2784 9568 -7810 9834
-8509 5653 2306 -8179
-4328 3880 4404 4404
1702 -3826 -7325 4954
-7361 -1509 6461 -4776
-8606 3670 3013 2029
-1944 3540 -9788 1188
420 3612 8359 -7775
7002 6910 -2258 -9584
-6841 1634 4540 5909
-6394 7803 -9859 9336
6934 -484 1910 8335
8160 -3267 7455 3329
4592 1108 -1858 7364
1830 2289 -2722 -9576
-1375 2089 8848 -5781
-9705 1299 -5566 -6318
-7685 -5843 -2108 -3904
9365 -7897 -2466 2263
-147 6491 -2034 909
3038 -8781 3841 7582
-793 -4532 -3906 4445
4251 2369 4143 7441
-6196 -8256 7320 3519
2280 8753 -9075 2021
4447 2296 8890 8020
8358 2509 -5195 -6563
9657 6471 6031 -9527
-9490 -6577 -668 4158
2574 7921 -7793 -108
-9635 8310 -6097 -663
8122 -3033 -1736 8577
9108 2748 -5980 -1140
-8501 -708 -3443 6440
-282 -3414 -3138 9333
2613 -6653 -7457 -6349
2013 -6408 2006 9238
-7502 9294 9017 -6627
-5543 9818 -3715 -9714
-463 3910 1965 9085
6299 364 -8523 -8814
-2517 8902 3515 3570
-1115 4245 2104 -5780
9109 3406 7197 7946
-1979 -5556 8687 -2725
1589 -5175 -4696 2070
505 -180 -5140 2801
7810 6021 548 122
3592 6478 -5291 1494
-6990 8857 -3249 8658
-6923 -2146 8107 -8625
-7717 -7505 857 -9593
-3053 6703 -5934 -4485
2102 -3531 -2986 9934
2494 -3179 7613 -7394
3520 -9686 8736 -3128
-1826 -7050 -1026 -3573
3512 7467 -3742 -8115
3912 -3502 9541 -168
4305 -396 -2309 9786
2511 -16 -2239 7113
-4081 649 -6588 -9667
-6443 330 9110 -1568
6130 4955 82 6168
9199 709 2097 763
-5693 6829 7515 -3537
-8899 -9457 3229 9046
4507 4737 -6646 7331
-877 -5403 6592 -2142
4072 260 -2372 -5512
-9647 -8966 -8915 -7809
-2789 -5888 -1115 8215
8597 -7194 5965 -8805
2150 2395 -9803 -276
-7917 3337 2774 -5069
-9589 -9776 7101 -995
-7148 -4958 4706 9933
-1661 6014 3069 -5938
-9129 4702 2397 -7841
928 -4507 -8115 5030
-940 -8905 6901 396
-1096 -9758 8138 3525
-7874 -5341 2495 4212
-8898 7260 6323 -2400
-5717 7701 7208 2477
4159 -1290 -4704 -4568
752 2494 3844 1169
418 -5605 5420 -8187
7482 -6064 8218 -7479
-567 2604 -6098 4533
-9338 5550 8581 9306
6407 9670 730 7221
-2416 3586 6174 -1730
7080 -9270 343 -607
-1537 -4157 -9240 -4128
1590 -8205 9048 -9575
-226 -3665 2865 -6455
3600 -1003 -5990 7556
-1636 -365 -362 -4417
9422 -752 3516 5780
-5094 -5301 -8799 1841
2264 6109 -441 -7719
7905 3163 -7484 6784
-5526 1245 -6279 6121
5641 -6270 4166 -3646
5382 -2192 -2996 88
8888 -5432 6657 -9791
-4026 9366 2468 -8941
-9319 -9974 8109 6590
5793 -7733 5539 188
8142 -3047 -644 -6894
3471 9838 -7751 -2654
-5129 9900 1706 3298
7284 5057 -3807 3300
6204 7862 8451 -4243
-4479 -7474 -6249 9408
-816 5504 7712 8637
2204 -5719 -3602 6092
628 685 2945 1620
4253 3752 6980 -4727
-2901 3087 6162 -5420
-7897 -2100 7097 -1236
6845 -3040 1431 7961
-1211 -8493 9398 -9238
-6667 -6423 2844 3161
-8644 -1469 9786 7086
5388 7284 5331 -643
9901 3328 3185 -5546
-7655 -4974 -8750 -3261
669 -5656 2090 -6439
4455 -6489 9207 689
-1307 6606 8946 3528
4523 8133 9219 -6787
8296 9609 1531 -8407
6911 -3807 3380 -3477
-5285 -3227 1047 6358
8920 4628 -3007 2035
-1250 2533 9197 -3040
1446 -6846 7628 4666
-3735 7268 4372 4597
-1790 -6479 6534 4231
-7366 9997 -3362 3083
6207 7078 828 6458
-3823 6784 174 1440
-7850 9416 -1207 4066
-6927 7535 2788 1115
3010 4178 6730 8158
3081 3704 1414 3984
-1306 -2201 9802 1131
5830 7369 9390 -6464
6955 946 6899 -8630
-3710 -9590 -576 8143
-9857 3464 4465 -7843
-971 8906 -9019 5190
-4344 7923 4213 -9557
7867 -162 9053 3121
-7543 -6413 -6122 -7996
-6028 -8316 -3297 4550
-8067 6258 -968 -5325
1392 -6906 9951 2566
3728 1743 -95 650
6063 -3939 -4649 -5359
3291 -8931 261 152
-3943 -2921 -9290 -7663
-9204 8288 4548 -9828
-3174 -4209 9432 -1096
6173 2723 9609 -2202
-2808 3406 -9578 3126
-2129 6423 -5801 -3477
653 -3036 2203 2818
3453 -5949 -9947 6876
-3984 5143 -2052 -8703
1965 -3343 -8429 -3606
-270 -8750 -6291 -731
4354 -5125 -516 2701
-2955 3583 -6398 8148
-3597 3466 3445 -5460
-3021 -2995 186 8881
-3886 -401 -925 943
-8575 3685 -2855 4001
-5543 1200 -141 -6494
9569 2783 9690 -4270
-2366 5272 -5189 924
-4029 -3480 -9509 -7310
9674 -2948 8606 -2452
3432 3641 7509 -7543
4758 8470 -1723 6456
-7595 967 -5883 1228
3926 273 3990 -2787
-427 693 -5991 9920
-6278 9241 -6490 -483
-9321 -9479 1598 3632
532 -3776 2512 6805
2585 -2621 -7394 5491
-9725 878 -4045 -8330
735 -5356 -5001 560
4804 -8816 1373 -5005
4197 -2508 -639 -9440
-4587 -2741 883 3640
5511 -512 1194 -1651
-7195 -6776 -9402 -1571
-849 4836 -7886 1465
2893 1769 6565 -1483
-5461 406 6332 -450
-4461 8644 4458 6030
9733 3419 8024 4690
9250 3869 -154 -6915
5395 9967 3312 564
7970 3038 -8910 -7266
-1022 3571 9384 -9713
8625 8819 -329 8275
7211 -726 -6301 1018
4775 -4068 -5122 -1598
-8148 8610 6806 -7685
-8198 -8441 -4730 2470
-4319 3424 6021 -3460
-5034 -3185 -4456 5825
4930 1248 3108 -5644
7684 7894 -8856 322
-8982 -8395 -5502 1254
4738 1602 -1462 3869
8543 1012 -107 9445
-1642 7522 3148 -6000
-1053 7917 -9172 283
6501 -6763 -7564 -7346
-2609 -7861 5395 -6941
-1084 -9082 -1044 -9097
-6047 -1583 7730 4669
9547 2467 -8084 -3265
-1881 -5044 -3330 268
-8025 8015 -8678 1649
2908 -958 5925 604
2826 4935 3540 2416
-1181 -8932 -6038 -3395
-1317 3437 -1583 8870
-7999 -7230 3429 -3704
-7564 1747 6797 -9093
-2413 456 -8111 -3719
5058 6778 8777 -2451
9499 -4505 9890 1285
1376 -6906 -1347 -8173
5209 -3333 -1909 368
-9978 -8010 409 4739
-9145 7238 9467 -4268
-5921 -2115 -9170 -6103
5004 -5439 -6070 -2381
112 -2376 -4855 -1648
58 5771 1272 -1864
-7483 -8529 -398 -2216
8689 -9429 5502 7597
6609 767 -5526 -1388
8808 6906 -7474 -7182
3517 7357 7334 -4674
2683 -7373 -278 -5787
-8990 -4857 8635 -6694
8550 1393 -1850 4366
2321 4541 1603 -2767
602 8790 -8896 9055
-6678 432 -8469 -3217
1633 -7715 1907 -5911
4129 -1316 -6904 3011
-3098 844 7468 6046
-1508 -7081 -3149 -1135
1348 5629 4582 -6551
-6967 -9130 -4798 1241
710.3640 4182.3480 597.7039
6124.0636 3689.8897 5949.5206 -2793.6785 937.5110
