500
0 0 499 100
1 0 498 100
2 0 497 100
3 0 496 100
4 0 495 100
5 0 494 100
6 0 493 100
7 0 492 100
8 0 491 100
9 0 490 100
10 0 489 100
11 0 488 100
12 0 487 100
13 0 486 100
14 0 485 100
15 0 484 100
16 0 483 100
17 0 482 100
18 0 481 100
19 0 480 100
20 0 479 100
21 0 478 100
22 0 477 100
23 0 476 100
24 0 475 100
25 0 474 100
26 0 473 100
27 0 472 100
28 0 471 100
29 0 470 100
30 0 469 100
31 0 468 100
32 0 467 100
33 0 466 100
34 0 465 100
35 0 464 100
36 0 463 100
37 0 462 100
38 0 461 100
39 0 460 100
40 0 459 100
41 0 458 100
42 0 457 100
43 0 456 100
44 0 455 100
45 0 454 100
46 0 453 100
47 0 452 100
48 0 451 100
49 0 450 100
50 0 449 100
51 0 448 100
52 0 447 100
53 0 446 100
54 0 445 100
55 0 444 100
56 0 443 100
57 0 442 100
58 0 441 100
59 0 440 100
60 0 439 100
61 0 438 100
62 0 437 100
63 0 436 100
64 0 435 100
65 0 434 100
66 0 433 100
67 0 432 100
68 0 431 100
69 0 430 100
70 0 429 100
71 0 428 100
72 0 427 100
73 0 426 100
74 0 425 100
75 0 424 100
76 0 423 100
77 0 422 100
78 0 421 100
79 0 420 100
80 0 419 100
81 0 418 100
82 0 417 100
83 0 416 100
84 0 415 100
85 0 414 100
86 0 413 100
87 0 412 100
88 0 411 100
89 0 410 100
90 0 409 100
91 0 408 100
92 0 407 100
93 0 406 100
94 0 405 100
95 0 404 100
96 0 403 100
97 0 402 100
98 0 401 100
99 0 400 100
100 0 399 100
101 0 398 100
102 0 397 100
103 0 396 100
104 0 395 100
105 0 394 100
106 0 393 100
107 0 392 100
108 0 391 100
109 0 390 100
110 0 389 100
111 0 388 100
112 0 387 100
113 0 386 100
114 0 385 100
115 0 384 100
116 0 383 100
117 0 382 100
118 0 381 100
119 0 380 100
120 0 379 100
121 0 378 100
122 0 377 100
123 0 376 100
124 0 375 100
125 0 374 100
126 0 373 100
127 0 372 100
128 0 371 100
129 0 370 100
130 0 369 100
131 0 368 100
132 0 367 100
133 0 366 100
134 0 365 100
135 0 364 100
136 0 363 100
137 0 362 100
138 0 361 100
139 0 360 100
140 0 359 100
141 0 358 100
142 0 357 100
143 0 356 100
144 0 355 100
145 0 354 100
146 0 353 100
147 0 352 100
148 0 351 100
149 0 350 100
150 0 349 100
151 0 348 100
152 0 347 100
153 0 346 100
154 0 345 100
155 0 344 100
156 0 343 100
157 0 342 100
158 0 341 100
159 0 340 100
160 0 339 100
161 0 338 100
162 0 337 100
163 0 336 100
164 0 335 100
165 0 334 100
166 0 333 100
167 0 332 100
168 0 331 100
169 0 330 100
170 0 329 100
171 0 328 100
172 0 327 100
173 0 326 100
174 0 325 100
175 0 324 100
176 0 323 100
177 0 322 100
178 0 321 100
179 0 320 100
180 0 319 100
181 0 318 100
182 0 317 100
183 0 316 100
184 0 315 100
185 0 314 100
186 0 313 100
187 0 312 100
188 0 311 100
189 0 310 100
190 0 309 100
191 0 308 100
192 0 307 100
193 0 306 100
194 0 305 100
195 0 304 100
196 0 303 100
197 0 302 100
198 0 301 100
199 0 300 100
200 0 299 100
201 0 298 100
202 0 297 100
203 0 296 100
204 0 295 100
205 0 294 100
206 0 293 100
207 0 292 100
208 0 291 100
209 0 290 100
210 0 289 100
211 0 288 100
212 0 287 100
213 0 286 100
214 0 285 100
215 0 284 100
216 0 283 100
217 0 282 100
218 0 281 100
219 0 280 100
220 0 279 100
221 0 278 100
222 0 277 100
223 0 276 100
224 0 275 100
225 0 274 100
226 0 273 100
227 0 272 100
228 0 271 100
229 0 270 100
230 0 269 100
231 0 268 100
232 0 267 100
233 0 266 100
234 0 265 100
235 0 264 100
236 0 263 100
237 0 262 100
238 0 261 100
239 0 260 100
240 0 259 100
241 0 258 100
242 0 257 100
243 0 256 100
244 0 255 100
245 0 254 100
246 0 253 100
247 0 252 100
248 0 251 100
249 0 250 100
250 0 249 100
251 0 248 100
252 0 247 100
253 0 246 100
254 0 245 100
255 0 244 100
256 0 243 100
257 0 242 100
258 0 241 100
259 0 240 100
260 0 239 100
261 0 238 100
262 0 237 100
263 0 236 100
264 0 235 100
265 0 234 100
266 0 233 100
267 0 232 100
268 0 231 100
269 0 230 100
270 0 229 100
271 0 228 100
272 0 227 100
273 0 226 100
274 0 225 100
275 0 224 100
276 0 223 100
277 0 222 100
278 0 221 100
279 0 220 100
280 0 219 100
281 0 218 100
282 0 217 100
283 0 216 100
284 0 215 100
285 0 214 100
286 0 213 100
287 0 212 100
288 0 211 100
289 0 210 100
290 0 209 100
291 0 208 100
292 0 207 100
293 0 206 100
294 0 205 100
295 0 204 100
296 0 203 100
297 0 202 100
298 0 201 100
299 0 200 100
300 0 199 100
301 0 198 100
302 0 197 100
303 0 196 100
304 0 195 100
305 0 194 100
306 0 193 100
307 0 192 100
308 0 191 100
309 0 190 100
310 0 189 100
311 0 188 100
312 0 187 100
313 0 186 100
314 0 185 100
315 0 184 100
316 0 183 100
317 0 182 100
318 0 181 100
319 0 180 100
320 0 179 100
321 0 178 100
322 0 177 100
323 0 176 100
324 0 175 100
325 0 174 100
326 0 173 100
327 0 172 100
328 0 171 100
329 0 170 100
330 0 169 100
331 0 168 100
332 0 167 100
333 0 166 100
334 0 165 100
335 0 164 100
336 0 163 100
337 0 162 100
338 0 161 100
339 0 160 100
340 0 159 100
341 0 158 100
342 0 157 100
343 0 156 100
344 0 155 100
345 0 154 100
346 0 153 100
347 0 152 100
348 0 151 100
349 0 150 100
350 0 149 100
351 0 148 100
352 0 147 100
353 0 146 100
354 0 145 100
355 0 144 100
356 0 143 100
357 0 142 100
358 0 141 100
359 0 140 100
360 0 139 100
361 0 138 100
362 0 137 100
363 0 136 100
364 0 135 100
365 0 134 100
366 0 133 100
367 0 132 100
368 0 131 100
369 0 130 100
370 0 129 100
371 0 128 100
372 0 127 100
373 0 126 100
374 0 125 100
375 0 124 100
376 0 123 100
377 0 122 100
378 0 121 100
379 0 120 100
380 0 119 100
381 0 118 100
382 0 117 100
383 0 116 100
384 0 115 100
385 0 114 100
386 0 113 100
387 0 112 100
388 0 111 100
389 0 110 100
390 0 109 100
391 0 108 100
392 0 107 100
393 0 106 100
394 0 105 100
395 0 104 100
396 0 103 100
397 0 102 100
398 0 101 100
399 0 100 100
400 0 99 100
401 0 98 100
402 0 97 100
403 0 96 100
404 0 95 100
405 0 94 100
406 0 93 100
407 0 92 100
408 0 91 100
409 0 90 100
410 0 89 100
411 0 88 100
412 0 87 100
413 0 86 100
414 0 85 100
415 0 84 100
416 0 83 100
417 0 82 100
418 0 81 100
419 0 80 100
420 0 79 100
421 0 78 100
422 0 77 100
423 0 76 100
424 0 75 100
425 0 74 100
426 0 73 100
427 0 72 100
428 0 71 100
429 0 70 100
430 0 69 100
431 0 68 100
432 0 67 100
433 0 66 100
434 0 65 100
435 0 64 100
436 0 63 100
437 0 62 100
438 0 61 100
439 0 60 100
440 0 59 100
441 0 58 100
442 0 57 100
443 0 56 100
444 0 55 100
445 0 54 100
446 0 53 100
447 0 52 100
448 0 51 100
449 0 50 100
450 0 49 100
451 0 48 100
452 0 47 100
453 0 46 100
454 0 45 100
455 0 44 100
456 0 43 100
457 0 42 100
458 0 41 100
459 0 40 100
460 0 39 100
461 0 38 100
462 0 37 100
463 0 36 100
464 0 35 100
465 0 34 100
466 0 33 100
467 0 32 100
468 0 31 100
469 0 30 100
470 0 29 100
471 0 28 100
472 0 27 100
473 0 26 100
474 0 25 100
475 0 24 100
476 0 23 100
477 0 22 100
478 0 21 100
479 0 20 100
480 0 19 100
481 0 18 100
482 0 17 100
483 0 16 100
484 0 15 100
485 0 14 100
486 0 13 100
487 0 12 100
488 0 11 100
489 0 10 100
490 0 9 100
491 0 8 100
492 0 7 100
493 0 6 100
494 0 5 100
495 0 4 100
496 0 3 100
497 0 2 100
498 0 1 100
499 0 0 100
0.0 0.0 1.0
50.0 0.0 50.0 100.0 1.0
